item_name	AislingoC	AlexB	AllanaD	AmyR	AndyD	AnnaF	AoifeH	ChloeBergin	ChloeF	ChloeS	CianR	ConorF	DavidL	DillonF	DJHerlihy	EamonD	EimearK	EllenH	EoinL	GrainneH	JackBr	JackK	JackS	JamesoC	JenniferoS	KateF	KayleighMc	KenW	KevinL	KieranF	KillianB	KirstyC	LeeJ	MarkC	MatthewC	MeganoB	MichaelaoD	NataliaR	NiallG	NiallGavin	NiallW	OisinN	OlaA	OwenD	PalomaM	PauricT	PerryD	RachelD	RebeccaGr	RebeccaM	RebeccaR	RoisinF	RonanT	SarahP	ShaunaBr	SiobhanR	TaraB	TeeTeeOj	ThomasK	TristianT	Zainab
act	594.8	586	-999	693	597	627	649	1081	642	622.7	701	686	951	661	692	670	502.4	578.4	651.8	441.6	895.2	529	639	809	676.9	568.8	586.1	591.3	587	586	723.9	1428	557	639.4	676	714.8	623.3	615	796	568.4	800.9	595	-999	574.9	628	797	652	757	631	520.5	640	733	566	758	670	532.4	615.7	540	1390	747	651
ask	481.5	864	1163	694.4	616	631	538	799.3	603	526	591.5	699.6	827.2	635	654	508	564	822	479.7	600	617.6	555.9	654.6	765	856	576.7	690.3	501.9	634	626	523.3	640.7	516	625.7	561	698.2	685	606	793	551.9	668.7	722	868	633	578	660.2	851	640.3	630	535	568	579.7	562	747	602.4	558.4	691	580.8	590.9	795	740.5
both	457.5	670	1114.3	980	1019	796.1	545.2	-999	581	568.4	665	751	917	808.1	737.6	597	475	608	699.2	600.6	527.3	601	982.1	917	854.4	571.6	825.3	584	720	571	624	853.4	-999	703	781	1065.8	591.5	559.2	837.6	612	743.4	743	919	883	616	734.6	658	574.4	634.9	559.7	689	997.8	648	753.4	548	530.5	625.4	552	985	640	764
box	546	748.6	975	678	589	604	574	658	688.7	492	641	699	824	731.6	634	557.5	520.1	581	1191	612	540	540	810	885	573.8	614.9	722	594.6	632	549	564	632.6	668.6	627	577	785.9	649	616	928	608.7	690	857	886.6	544	863	726	812	640.5	613.8	395.1	656.7	604.7	530	667.4	547.7	570	585.6	532	634	764	912
broad	580	1473.5	-999	789	684	-999	815.6	-999	-999	798	1473.6	-999	827.1	625	605.5	828.4	556	637	647.6	-999	616.7	628	1147.4	-999	708.7	710	683.1	713.7	-999	671.4	631	-999	-999	1564.9	814	704	-999	670	-999	631	-999	-999	-999	799	-999	-999	-999	1832.3	747.6	948	640	-999	-999	-999	1046	727.7	851.8	1072.7	876	751	-999
bronze	546	861.2	-999	845	731.9	803.4	487.1	1701	871	574	753	798.4	899.8	752	657	840.5	733.9	665	695.6	850.4	582.9	575	620.7	1023	-999	642.3	609	607.2	881.6	663.6	595.3	1859.4	664	-999	599.2	970.7	811	616	-999	619.1	841.8	957	-999	766	734	808	833.7	560	754	680	663.4	698.2	611	1077.6	625	593.7	737.3	807.8	737.5	843	877.4
calf	552	766	-999	927.8	670	618	751.4	932	724	593.8	547	733.4	751.8	630	638.5	1080	519.2	611	582.4	688.1	602.7	592	969	719.8	707	975.6	825	699.7	816.3	708.1	635	-999	654.2	1095.1	625.2	714.2	910.7	766.5	1594.5	614.4	830	934.6	-999	765	704	1011.7	646	621	614	673	623.2	709	599	909.7	730	539.9	630	659	699	769	642
can	508	726	1148.2	852	649	617	473.6	777	554	500.7	670	619	687	599	431.1	657	714	694.2	590.6	683.4	574.9	600	510	699	657	628	561	530.6	700	538	570	684	600.3	760.8	507	705.1	675.7	680	997.9	580	921	720	737	562	637.4	630	715	551.1	692.9	493	553.7	627	906	615	518	633.6	558.5	480	633	631	649
care	572	909.8	-999	948	766	544.2	558.5	719	499	570.7	592	667.6	697	634	525.2	536	1138.9	602	701	678	581.3	688	661.5	1083	664	619.7	649.1	543.3	540.5	616	596	841	596.6	678	507	614.4	610	552.5	835.7	634	662.8	934	891	647	571	614	565	486.3	605	826	509	625.1	699	731	476	544.9	706.5	-999	649	668	560.1
carve	664.3	702	-999	934.4	629.9	883.5	892.3	1551	933	655.6	747.5	704.5	1749.4	763.2	832.2	551	512.5	599	594.5	1007	686.6	610	768.1	924	1014	582	641	713	587.5	523	934	1997.9	707.8	-999	528.4	631.4	1060.5	686	826	601.6	802.2	783	-999	-999	639	1310	628	541.9	630	617.3	639	941	549	746	544.1	533.3	928.9	566	765	690.9	677
chance	757.1	751.3	-999	982.1	833.8	667	527.6	686.3	518.5	668.5	732	674.7	827.7	1272.9	607.1	659.5	553.8	625.6	627.1	603.6	526	652	615.3	1384	731	632.2	751.3	604.2	700.8	493.7	646.4	-999	585	789.9	564	724.5	689.3	596	875.7	606.8	671.9	815.5	-999	571	530.8	713.5	795	519.5	689.6	528.5	592.5	724.4	632	993.1	610.9	532.6	507.9	562.4	588.4	578	538.4
cheat	542	629.6	-999	744.4	640.8	1542	529.6	819.5	680.2	629.9	709.7	617.1	933.8	689	869.9	527.6	563.5	678.3	663	621.8	535	543.2	596.1	742	711.1	582	913.1	654.5	589.8	558	631.7	-999	465.5	705.3	599.3	680.2	608.9	563.6	933.1	517	1074.3	653.4	-999	573.2	544.9	675	805.2	657.5	494	625.9	589	917.7	800.1	1653.8	597	479.8	668.7	680.4	678.4	636	574
cheer	631	906.7	-999	804.4	648.2	631.2	640.4	708.2	629.3	515.8	647	622.8	814.2	707.4	518.4	541.5	473.1	525.5	620.3	609	567.3	824	582.5	736	698.6	539.4	837.3	623	591.4	494.7	543	860	672	738.8	544.3	827	661.7	535	781.2	580.5	801.9	869.9	-999	576	595	878.5	687.6	547.8	636.8	482	589.5	572.4	569.2	713.1	616.5	567.2	601.8	529.4	832	610	564.6
chew	538	594.6	-999	604.1	599.5	-999	520.2	975.4	635.6	579	781.6	840.6	693.5	830.2	525.7	437.1	500.4	622	775.1	551.5	657.6	541.6	669.1	747	756.6	571.2	572.9	726.1	744.9	499.8	570	-999	609.2	773.4	706	772.1	684.3	541.7	1128.7	543.8	647.4	932.7	1535.9	590.9	631.1	1697.2	901.2	538	717.8	688.8	609.2	657	501.1	781	525.2	555.4	738.4	573	691	587	704.8
child	447.5	693.8	-999	791.6	713.9	733.1	474.7	703.1	628.2	588.1	566	683	762.6	710.4	639.9	472.6	771	569.5	706.1	595	504.4	602.8	584.8	630	592.7	567.1	617.8	562	540.5	493.3	574	749.2	487.6	696.9	506.8	661.4	470.7	505.2	768.4	552	676.5	658.7	909.6	626	549.1	696.6	735	519	579	697.3	564.1	642.9	557	641.5	507.9	478	544.7	595.4	636.3	670	496.4
choice	535.1	704.1	-999	1063	739.1	909.6	596.7	1132.9	584.3	596	722	889.6	557.8	621.6	646.1	698.6	543.9	686.9	651.3	551	590.6	634.6	658.6	881	682.4	654.2	479	495.3	781.5	508.6	599	-999	517	694.1	981.7	921.9	678.1	534	800.4	617.3	940	765.5	-999	759	611.2	963.8	644	508.4	623.5	561	654.9	611	723.8	609	514.6	560.7	487.3	582	520.2	645.8	489.9
chop	573	630.2	-999	790.1	661.6	-999	763.8	1189.7	1434	575.3	810.6	842.7	862.8	618.5	599.1	663	505.2	674.1	965.1	619.3	545.9	637.1	1041.9	687	894.4	610	733	727.7	759.6	545.8	602	1385	486.1	1660.3	918.6	-999	1135.1	625.8	-999	531.2	736.6	805.9	1742	623.6	465.2	796.6	553.8	545.6	659.1	1159	636	841.8	701	1236.8	627.5	614.2	568.3	576	755	664	642
chose	930.2	-999	-999	864.5	605.9	-999	-999	-999	-999	-999	732.7	-999	-999	-999	689.3	658.4	-999	-999	642.2	973.5	-999	631.5	682.2	-999	-999	-999	-999	-999	671.3	-999	-999	-999	-999	-999	668.1	-999	-999	697	-999	-999	1167.6	-999	-999	-999	790	-999	1082	750.7	-999	-999	810	-999	-999	-999	-999	920.8	-999	706.6	972	750.6	-999
class	590.6	840.6	834.8	648	577	698.4	789.7	705.9	626	550.9	569.4	640.4	486.3	627.9	702.2	558.7	544.7	815	654	642.6	521.4	514	989	806	617	570	531.1	705.2	581.4	622.4	774	646.3	698	663.2	494	817.6	572.6	504.5	588.5	528.6	644.9	756.4	778.8	617.4	536.9	718	872	750.8	519	542.5	767	474	561	661	477.3	595.8	531.5	532	852	778	739
clean	498	791	-999	641.4	550.2	705	550.1	670.6	530	466.5	574	613.1	840.3	571	708.9	628	441.2	651	661.3	506.3	535.7	480	693.2	783.9	651	581	791.4	622.8	654.3	851.1	514	782.5	623	699.6	459.3	630.7	565	487.5	923.1	598	825	684	1182.5	613.2	520	718.7	736	632.1	629.9	469.5	664.5	646.7	564	705	788.3	686	565.4	618	830.5	619	595
clerk	489	650.3	-999	839.1	733	1511.4	823	-999	686	892.9	896.1	775.8	1593	735.3	741.5	663	580	909	716.5	767	585.3	571	594.8	1228	954.3	680.9	769	613.7	756.5	1144.4	1104	-999	624	960	1019	1012.8	816.7	536.5	762	568.4	1178.9	1574.1	-999	-999	883	973.1	963	571.9	632	1074	764.4	1110.5	626	-999	662.6	627.5	882.4	589.2	1811	708	1365
club	484	1265.1	1040	761	750.6	603	538.9	1034	640	457.5	824.4	725.3	948.5	670	546.6	612	643.7	618.4	617.1	566	727.8	564	553.8	697	678.7	671.5	745	592	805.8	565.1	781	672.4	616.5	498.9	1320.8	1013	584.9	557	684	618	931.5	621	1531	540	590	602.1	675	715	617.1	585.4	670.3	710.8	538.6	785	552	499.7	540.5	488.6	1013	1212	538
coast	698.4	764.7	1930.5	716.1	744.8	791.3	588.7	927.8	733	602.1	612	680.4	708.8	634.7	791.9	764	490	669.5	673.6	575	550.3	542	637.7	1000	643.3	584.4	966	676.1	1207.2	526.9	824	910.4	577.7	677.5	741.6	727.4	581	653	761	560.8	733.3	762.9	-999	810.4	580.5	767	1010	529	637	548	610.6	568.1	585.9	679.7	564	499.4	728.7	547	866	738.7	-999
cod	594.4	909	-999	-999	553	700.3	598	971	667.9	-999	890	-999	1298.8	688.5	562.9	862.1	659.1	910	594.7	672	559	583	702.3	891	710.3	696.7	642	596.6	758.5	590.4	736	906.2	633.3	886.7	595.6	753.8	704	714	-999	572.7	815.5	1058	-999	938	688.6	792.3	725	538	650.1	982	791	-999	940	846	656.2	661.4	1132.1	665.4	758	775	-999
cold	436.4	642.2	1133.2	1108	594.7	620.7	610.3	683	490	462.8	674.1	847.1	652	744	536.9	896	479.9	559	933.5	548.5	502.6	531.6	1161.6	642.6	965.7	632.7	542	647.1	796.9	639	476	716.8	676.2	559.7	759.7	630.5	573	473	653	627	701.2	772.7	678.3	731	565	757.8	605.3	531.4	570.6	559.8	538	598.2	596	742	559.3	516	531.5	551.6	620.6	990	615
comb	556.8	770.1	-999	700.8	767.9	658.2	569.9	-999	785.3	503	790.6	678.2	-999	785.8	-999	513	519.9	570.2	646	866	930.3	567	623	903.6	542.6	642.3	806.3	606.9	817.2	658.3	772	-999	726	-999	612.5	1033	680.7	499	-999	629	654.4	1401	995	-999	679	935	625.1	654.6	690.9	638.1	604.8	715.1	-999	-999	677	-999	699.5	546	566	611	652
cook	542	725.9	615	1145	689.6	904.8	621.8	715	615	585.6	836.9	639.1	782.4	813.5	504.3	672	558.7	554	666	614.2	655.1	445	706.6	692	524.6	620.2	719.1	650.6	601.1	569.4	513	588.2	756	675	573.9	786.4	662	538	776.1	788.5	610.9	655.9	1836.5	536	554	746.9	577	558.1	843.5	546.2	570	524	526.7	932.2	525.9	1006.8	587.8	581.6	1146	669	615
cope	512.9	713.6	-999	-999	577.8	-999	521.8	767	681	588.2	595	675.5	897.1	664.9	662.8	971.8	551	706	650.1	686.7	740	628.7	687.2	753.8	830	587.4	616.9	627	749.3	616.8	753.6	953.2	539	-999	685.8	896.4	721	550.4	1063.6	616.6	934.1	1439.6	-999	752	696	-999	630.2	641	696.1	686	583	-999	712	-999	532	508.6	634.8	530.3	663	834	678.5
cost	576	685.5	-999	668	533.4	-999	648.7	928.2	514.1	-999	617	-999	781.6	-999	588.5	657	521	1147.2	668.3	1699	-999	537	795	-999	634	681.1	634.6	-999	655.2	-999	-999	-999	-999	693	577.9	-999	761.7	555	-999	544.4	707	595	812.4	640	538	734.9	857.1	603	726.2	661.8	599	-999	519	-999	808	556.8	966.8	577.5	564	797.6	642
cough	676	775.4	-999	1164.1	592.9	930.4	574.6	-999	1003	583	729.7	843	962.5	748	856	632	558.1	611.8	637.8	684	688.7	534	688	1246	630	634.8	716	621.7	746.4	1220.6	1280	1055	677	-999	787.9	1054.8	690.3	503.4	-999	628	652.6	1323	1032.8	-999	650.3	843.2	701	570.7	739.3	635	579.9	-999	777	701.6	563	524.2	769.9	502	699	740	767
could	545.8	905.5	1357.6	876	710	689	661.1	860	504	-999	746	648.4	714.1	706.8	676.8	689	474.5	800	846.3	713.1	563.2	557	686.8	989	502	674.8	545	620.6	728.1	-999	659.4	816.5	1008	697	557.4	845	639.6	605.6	767.9	657	959.2	699	776.1	638	578	852	839.4	570.8	738.9	435.6	663	626	603.7	675.2	649.9	695.8	623	558	582	680.8	609.2
deal	628.9	759.6	-999	761.2	624.3	662	653	751.4	780	599.7	714.1	747.8	855.8	681	575.7	618	841.8	614	677.9	779	634.2	647.8	719.2	1124	576	636.9	730	862.9	568.3	755.5	686.3	984.5	673	694	705	606.7	713.1	605	1177	607.2	686.7	775	-999	612.8	569	759	703.6	582	919.3	577.4	749	696.4	687.1	840.6	567	692.4	672.7	740	646	755	826.6
death	635	567.5	-999	739	867	900	823	756	748	670.2	658	674.2	804.4	841.3	704.2	757	538	726.2	641	705.1	637.2	678.2	788.4	940	909.3	606	737	647.6	655.7	645	810	1553.2	552	711	529	712	1657	584	1124	731	782.5	798	979	926.5	667	814.3	673	551.5	966	630.9	790	678.3	586	794.2	593	585.8	743.5	920	835	750	776
down	581	672	716.8	712.4	608	864.8	627.1	674	1062	512	592	671.8	1043	655	605.1	714	589.8	530	804.7	735	571	684	782	709	549.1	606.6	668.7	-999	585	546.8	860	725.9	572.7	988.9	749	730.2	686	537	831.7	613.9	813	942.5	862.3	573.7	638	942	571	546	785	499.7	730.6	657	675.4	964	460.5	494.6	581.1	761	-999	695	675
draw	509	890.2	1490.5	769	588.5	709	518.7	-999	617	487.2	528	609	831.2	640.2	524.7	599.5	569.7	569.8	915	629	547.5	612	764.6	809.5	604	577.3	607	729.6	589.7	620.1	668.1	610	450.5	714.2	622.7	919.6	746.3	491	1345.5	618.2	622.4	629.4	866.8	598	704	800	724	548.3	615.6	891.3	653.8	699.7	572.3	637	585	508.1	701	564.9	733	597	671.5
ease	686.4	795.8	-999	968	851.6	957.1	682	-999	1136	632	899.5	964	783.2	1344	679	443.9	666.9	678	734.4	798.5	-999	642	687	1296	1207	672.3	628.6	1121.4	853.1	746.8	622	-999	495.6	670.2	926.4	773.7	975.3	631.2	909	662.9	906	-999	-999	-999	810.6	1090.9	747.7	615.4	718	639.7	756.6	738.6	843.3	-999	679.6	850.2	705	651.7	814	734.3	1110.5
eat	457.6	737	757.3	708.2	651.3	545.7	609	721.5	587.9	523.3	677.9	630.8	795	828.3	612	547.8	693	620	768	694.6	594.2	614.2	649.7	733	913.6	600	558.9	1083.5	554.5	685	601	669	594.2	638.9	741.4	1000.2	663.1	588.2	881	625	793.1	724	752.4	556.1	559	1001	723	635.9	791.7	555.1	649	556.7	906	806.1	503.2	549.9	942	640.6	850.6	610	855.2
eye	507	753	793	634.1	716	624.9	565	835.6	729.3	585	700	659	772	578	756	584	623.3	605	952.6	557	605.3	611	655.6	928	590.6	565.2	786	624.1	599	581.4	592	920.3	585.9	713.6	819.1	642.6	675	590	1591	606.6	661.3	730.2	754	718	644	815	633	568.4	793.5	581	648	645.8	570.5	879	549.6	549.4	626.9	550.1	686.5	836	725
face	504.9	707.7	-999	678.8	582.3	602.7	623.4	523	692	477.5	606.1	582.5	633.7	563.9	517.1	504.7	470.8	550.3	535.8	708.1	489.1	600.5	472.6	688.1	463	951.9	558	550.8	574.5	535.2	519.4	658.4	515.2	565.1	495.8	691.3	605.6	487.3	659.7	504.6	677	858	943.8	484.7	501	701.6	783.4	496.5	609.4	451.8	638.1	444.6	499	588.4	447.6	501.1	590.2	476.5	492.4	613	754
fact	535.2	993.8	-999	1045.4	688.5	1273.6	814.3	897	908.1	690.2	659.8	581.4	657.2	731.8	717.8	523.8	455.5	556.3	717	662.9	535.6	506.8	477.5	1458	613.8	474.8	532.6	497.3	702.7	591.1	478.6	1218	702.4	612.6	496.9	566.7	511	1050	730.5	497.7	812.8	661	1498	766.4	524	698.8	625.1	550.5	684.5	428.9	618.8	470.2	645.9	609.9	551.8	505.6	547.1	449.9	544	605.4	824
fade	426.3	732.6	-999	-999	687.4	595.4	483.4	641.1	534.5	515.5	593.4	667.9	920	580.4	560.4	482	490	571.1	487	587	520.8	493.2	635.4	647.8	665.7	461.2	559	537.7	524.4	689.2	494.4	-999	456.2	605.2	472.2	809.2	833	453.9	611.3	596.5	641.6	789.6	-999	699.9	595.7	807.7	547.7	653.2	592.8	950.6	500	565.5	759.7	744.2	512.4	471.5	634.9	406.7	516.4	679.9	470.4
faith	478	819.1	-999	562.4	840.1	768.9	545.9	914	726.8	491.7	649.4	792.4	922	648.4	591.2	509.3	832.2	596.2	567.2	1132.9	545	444.5	618.6	974	599.1	579.6	521	547.6	611.1	515	475	1665.9	542.5	691.9	859.4	770.9	663	452.5	728	583.3	624.6	1834	-999	623.5	516	646.3	595.6	576.1	625.4	427.2	527.9	841.7	617.6	825.2	445.7	437.4	707.8	498.4	584.9	971.4	710.3
fall	439.7	776	1050.1	707.1	479.2	529.8	579.8	643.1	586	495.1	419.8	747	767.5	839	455.6	437	441.2	517.6	536.1	622.7	521.7	440.5	502	778	542.1	420.8	636.4	519.5	609.4	527.7	453.7	690.9	396	526.6	1099.8	945.9	751.4	481.4	536.4	573.4	591.8	600	1148.1	504.5	522.4	633.3	632	429.9	682.2	494.9	528.2	589.3	546.8	770	718.4	477	622.9	452.2	443.2	800.3	491.2
false	426	679.5	-999	731.2	813.2	646.2	596.7	763	581	588.2	541.4	709.8	996.6	778.4	497.7	607	511.4	541.3	529	592.3	578.9	482.9	524.4	687	588.4	600	583.9	599.2	557.6	602.6	793.5	1665	388.9	730.8	564.3	619.1	605.5	413.9	574.1	617.8	568.9	826.7	1166.7	645.5	453	-999	604.5	500.3	1568.1	476.2	566.4	841	769.9	763.5	449.5	480.7	589.3	477.3	612.5	615.9	510.2
far	419.3	822.7	1082.5	524.1	577	552.5	436.4	-999	646	483.9	442.3	627.9	744.7	646.8	519.4	482.8	588	599	572.6	699.5	497.9	380.3	602.4	627.1	498.4	975.2	465	687.2	486.7	596.9	521.4	596.8	400.2	568.2	452.6	630.7	589	539.1	1731	509.5	834.1	603.7	897.4	475.7	569	725.3	760	469	926.2	525.9	505.2	708.7	548.7	591.5	459.3	613.1	657.4	440.5	496.1	615.6	480.7
farm	449	642	882	678.1	449.7	678.3	577.7	1251.8	529.6	475.6	623.5	577.4	641.6	739.4	756.1	596	424.4	562	605.6	779.9	497.6	496.9	535.8	655	744	588.1	688	531.8	545	499	523.9	1351.8	429	602.5	474.2	591.8	727.7	766.2	716	463.2	575.2	694.4	929.6	590	714.1	586	556	518.4	552.4	658	437.7	594.6	723	685.5	488.6	524	836.2	554.8	487	617.6	669.9
fast	428.6	826.1	1425	625.5	494.3	640.1	445.6	549	627	498.8	543.1	728.7	878.6	528	499	574.9	953	455.9	489.5	708.2	595	407.3	562.2	858.5	549.1	571.7	443.2	598.4	530.6	493	441.4	584.1	468	561.8	491.7	712.1	456.2	471.1	803.2	568.9	620.8	713.1	751	489.7	538	580.5	485.1	440.2	816	496.3	508.4	517.5	601.1	599.5	497.1	483.7	604.3	503.1	482.7	777.9	550.9
fault	497.8	1104.1	-999	707.8	632	713.9	650.6	668.1	539.7	541.7	596	700.2	724	476.1	530.2	450.6	468	560	539.2	815	516.8	448.6	642.3	1052.4	580.2	522.9	483	620	491.9	487.7	732.8	-999	459	753.2	591.1	737	879.9	456.8	668.5	552.6	524.8	729	-999	820.1	519.5	1024.4	598.9	554.2	600.7	469.4	518.3	333	589.8	697.9	629.5	459.4	521.2	575.5	576	627.3	584.7
fear	426.1	1394.8	-999	-999	505.7	608.8	513.5	697	691.3	581.6	461.2	854.9	907.5	534.6	538.9	557	521.2	520.6	528	689	537	586	503.7	651.5	834.4	473.3	981.9	561.9	604.1	545.1	479.2	-999	489.5	733.1	662.6	656.6	543.7	483.3	666.5	570.5	655.6	846	-999	480.5	601	775.3	749.4	562.8	584.6	540	462.9	1065.6	528	798.6	651.1	456	582.6	482.7	635.6	873	568.5
feel	-999	701.9	1109	773.5	511.5	524.4	540.4	771	620	475.5	492.5	638.2	-999	596.7	496.4	623	467.7	523	418.2	528.7	503.2	512.8	476.6	835.1	584.7	506	593.3	502.5	560.5	475.2	479	-999	547.2	707.3	401.8	599.7	490.5	412.8	717	489.3	620.4	657.8	-999	472.3	498.3	620	570	526.3	608.8	544.4	517	473.1	568.7	525.6	665.9	404.8	548.6	481.3	532.7	475	912.6
from	459.1	694.7	1143.4	1004.5	586.6	595.4	762.2	758.9	496	-999	549.6	694.3	704.4	697.3	528.5	533.6	967.8	499.4	553.5	592	479.5	489.9	581.3	747.1	634.4	805.4	656	549.6	649.4	451.6	-999	599	545.3	588.5	479.6	570	564	440.4	1006.6	497.1	672.3	737	966.8	538.6	-999	671.8	774	516.8	1061.7	526.5	682.2	712	789.8	1363.5	540.4	430	790.4	621.7	457.9	635.2	654.7
front	465.2	826.3	-999	623.6	509.1	893	598	920	487.2	466.1	673.1	670.6	698.2	616.9	574.7	612.2	418.4	688.7	638.7	538.8	543.6	847.7	699.1	1144	829.2	433.9	578	606.7	525.5	525	428.2	-999	503.3	559.8	463.8	1329.9	802.1	626	1498.2	570	696	650	-999	815.6	602	1095.4	630.1	717.5	562.3	474.8	533.7	917.1	749.9	765.7	505.5	481.4	539.9	468.4	503	963.8	532.5
gain	517.8	612.9	1805.6	1020	670.5	932	640.8	2143.4	977	668	679	891	871	796.5	776.9	578.4	527.8	664.3	652.1	739	637.1	770	615.9	-999	1029	886.7	661	580.4	712	723.1	702	1458	709	692	1480	947.2	624.5	689.3	998	630.7	755.2	896	-999	727	886	837	827	636.5	732.3	627	946	566.8	780	828.3	538.8	642.4	649.6	698.3	693.3	732.2	813
get	516.4	777.2	-999	729	598	643	636.5	745.2	566	495.2	634	699.5	678	685.2	672	581	524.1	640	890.9	570.6	589	667	-999	689	855	678.4	543	684.1	672	590	562	666.5	665	683	591.8	828.2	606	744.9	788	547	865.3	722	1064	564	624	733	661	628	655	477.3	614	590.5	512	715.4	520	528.3	824	632.3	689	681.4	617
give	499	588	1034	839	623	1043	565.1	797	713.7	575.5	573	671.4	732.4	-999	690.1	611	497	564	698	869	532.8	595	988.9	708	651	696.5	766	640.7	682.3	581.9	619	720	537.1	551	552.5	718.7	557	582.5	743	622.3	700	625.8	847.1	569	568	784	610.1	530	813	528.5	718	457.3	675	642.7	634.1	517.5	749.5	552.2	568	595	1048
glass	550	794	-999	624.2	785.7	819.4	568.8	798.3	662	750.6	709.9	557.3	849.1	699.4	612.7	818.9	892.4	889	669.3	1003.8	499.8	664	634.2	895	1077	661	679.3	661.5	1040.6	1034.6	517	-999	607	644	639.1	698.1	610	632	758	632	732	-999	872	718	725	1141.8	841	478.3	537.5	-999	696.4	542.3	638	647.5	640	537.1	611	562	1010.3	899	1060
gloom	596	858	2097.7	735.9	649	831	632.8	924.3	705	564	748	625.1	888	696.6	644.9	661	579.6	613	671.1	928.6	644.6	588	820	1073	614.9	623.2	701.3	680.8	667	596.2	613.5	-999	560	653.4	543.4	756	619	574.1	899	755	822.3	871	1708	645.3	667	1179.3	563	503.6	681	591.6	772	635.4	557.9	858.7	625	731.4	843.3	608.9	819.7	907.7	611.6
good	507.4	710.4	724.2	733	650.3	607	580	745.2	617.7	513	801.6	700.1	779.6	651.5	586	599	459.2	613	1041.4	565	1093	559	661.9	755	677	845	608	520	890.5	649.8	639	1193.4	679.6	577	605.9	830.5	584	515	659.4	595	737	672	783.3	571	854	933	700	707	557	464.3	647.6	541.1	572	746	462	706.8	589.9	545	654	640.8	712
grace	558.2	662.9	-999	789.6	745	825.8	552.2	-999	675	580.2	789.5	-999	720.4	788.4	644.2	640.9	759.9	-999	555.2	602.6	526.3	555.6	668.5	909	599	880.8	590.3	892.8	774.8	603.2	594.5	-999	530.4	992.6	615.3	667.4	741.4	604.1	647.4	588.8	678.8	1574.3	-999	740	906	891	735.9	502.3	633.9	555	634.2	629.9	685	785.7	531	511.7	583.7	530.3	691.1	647.1	550.1
grant	508.8	760.5	-999	1279.5	670.7	690	559.8	-999	680.6	537.8	712.6	638.1	730.6	671.2	704	695.9	525.9	685	695	669.7	674	812	573	818	614.5	694.4	662.4	733.7	646.9	638.3	543	-999	538.3	774	443.9	997.1	697.4	597.7	746.2	580.1	772.5	795.8	1087.7	671	729	716.8	818.2	769	830.2	529.8	708.2	614.2	665.8	1033.1	631.4	515.2	594.6	587.9	643.1	1000.8	693.2
guard	577.2	831.1	-999	947	723	1321	680	915	1198	716	792.6	712.5	993.3	669	922.6	727	523	798	619	1060.9	881.4	517.1	662.9	891	775	623.4	702	587.3	715	713	678	-999	528.8	1371	611	666	605.4	667	1019	662	-999	676	-999	924	790	887	700	703	740	543	639.9	815	584.6	847	707	578.6	795.8	568	640	720.5	963
guide	541	853	-999	816	830	652	605.2	924	855	550	720	706.8	836	674	813	564	779	618	630	579	778.8	768.4	762.4	762	713	615.5	815	708.8	1069	825	589	1521.1	750	538	762.7	692.9	656	546	839	656	690	845	-999	743	633.7	876	732.3	723	637.8	558.1	623	854	577	616	605	595	628	551	794	730	637
halt	553	640.8	-999	1043.4	574.5	1099.8	721.9	-999	715.5	503	658.7	805.3	939.9	802.5	587.6	471.9	523	563.8	491.3	676.4	558.2	540.9	933.5	-999	703	606.2	618.5	1131	531.2	542	933.8	-999	561	1341.3	542.9	-999	675.2	515.8	1099.9	532.6	1796.2	1234.8	-999	721	720.5	724.5	1087.4	600.2	855.2	590.4	553.2	615.9	674	963.5	587.7	509.2	677.4	528.2	625.7	941	512
hang	475.3	791.5	-999	741.3	654	816.3	665.7	638.9	495.6	459.9	509.2	987	997.3	610.3	561.8	472.1	552.1	561.9	595.4	674.8	604.7	388.5	560	757.5	967.8	516.7	511.7	458.1	648.5	609.6	507.9	1856.3	459.6	696.2	666.2	607.7	522.8	729.7	-999	450.4	764	812.9	-999	572.9	534.5	1095.2	636.5	482.5	541.4	578.2	465.9	493.9	649.5	590.3	491.5	440.2	628.2	527.5	526.7	821	573.4
hate	-999	623.2	-999	748.2	602.2	512	446	596.2	509.6	726	550.1	554.3	687.2	647.6	485.4	457.4	505	541.3	777.5	424.5	563.8	456.3	605.8	670	555.3	570.4	422.1	589.1	676.6	570.7	671	-999	436.5	586.5	729	656	656.2	644.6	660.7	538	769.6	644.8	1458.6	523.8	537.8	572.2	889	499.7	659.5	562.6	569.3	784.9	538	829.6	657.4	629.1	563.9	610.9	717.1	667.3	677.7
have	438.1	605.2	810.2	663.9	773.8	694.3	466.1	794	519.7	469.7	673.2	788.8	885.3	701.8	662.6	428.5	529.6	464.3	655.4	586.5	551.1	522.4	448.8	761.4	675.8	870	601.1	450.8	700.3	501.6	445	552.3	475.5	584.7	464.3	633.4	496.6	514.4	820.6	486.3	663.9	821.7	695	468	516.2	648.6	756.3	872.4	656.8	508.3	467.6	465.1	613.2	666.4	721.8	539.1	628.7	536.7	691.7	558.9	602.9
head	480	756.3	1494.7	1013	686	964.3	465.8	641.9	627.3	503.6	741.8	986.6	678.6	523.1	694.5	491.3	394.7	589.2	651.3	599.7	513	447.6	877.5	1142.4	671.4	570.2	469	781.5	595.2	504	690.3	-999	591.4	619.8	826.5	660.2	1058.4	453.1	1546.9	633.2	585.2	746.2	1062.6	466.7	549.6	645.7	525.4	488.9	765.6	489.9	632	638.6	643	525	476.3	404.2	661.6	440.3	637.4	602	1078.8
heat	429.2	732.5	-999	999.7	621.1	537	590.6	755.9	578.4	517.6	673.9	628.3	615.8	700.1	849.9	425	509.2	627.3	580.3	610.9	745.3	606.2	523.8	588.3	710.4	521.1	643.5	537.8	621	521.1	652.2	1396.7	398.4	597	530.6	882.5	696.8	485.2	978.9	526	780.5	639.1	-999	611	567	665.6	681.1	520.7	618.1	472.3	493.8	663.4	745.2	745.5	512.4	499.4	572.3	502.2	757.9	550.8	564.4
help	422.1	625.3	836.6	693.6	608.9	679.1	642.7	762.3	532.3	615.9	429.8	803.9	577.5	614.3	544.8	514.7	609.9	447.2	546.6	612.7	543.5	420	591.5	695.8	793.4	488.7	555.7	552.5	499.1	450.2	789.7	629	471.9	550.3	454.4	514.1	492.1	486.5	812.6	913.5	723.8	1311.7	744.4	578	529	748	624.4	476.1	717.1	550.5	533.7	489.1	476.1	576	398.6	411	493.5	517.2	567.3	502.4	719.4
her	473.8	730.3	1024.8	-999	941	606	547.3	705.7	767.2	503.4	480.2	624	856.7	869.7	775.7	419	494.8	590.6	641	569	518.1	760.2	668.5	645	709	518.2	695.2	820	-999	482.6	-999	520.3	615	-999	447.2	1023	719.3	486	-999	564.3	636.1	780	1083	912	867	559	794.5	563.2	662.7	444	593.2	504.8	792	922	466.2	575.6	605.3	597	856	565.1	713.1
his	608.3	663.3	1238.1	681.8	602.6	519	854.9	633.7	532	496.6	686.4	752	738.3	698.6	493.1	487.9	493.4	511.9	662.2	642.6	665.8	625.5	671.7	787.9	733.7	472.1	537.8	391.1	591.1	469.5	647.8	593	459.2	618.6	573.5	1058	636.5	521	811.9	535	684.1	722.9	1139.7	527	501.8	534.9	515.9	636.3	671.5	444.5	599.6	489.3	1050	773.8	619	556.8	550.7	553.8	898.2	610.5	615.6
hit	457.4	810.3	764	786.5	516.7	611	569.8	623.6	492.6	527	708.2	569.5	710.1	708.5	693.3	565.4	493.2	489.1	439.2	708	558.9	483.2	585.9	594	637.1	514.4	492.6	426	712.4	496.8	476.5	563.6	456.7	567.3	536.1	650	622.8	500	615.1	494.4	707.1	699.5	1017	526	494.9	582.4	508.3	540.4	499.1	484.3	608	593.1	602.9	586.2	480.4	503	460.9	506.8	564.3	634	578.8
house	517.7	696.4	724.6	625.4	676.9	684	600.8	717.4	512.4	479	712.3	706	775.2	1016.2	503.1	581.2	554.1	536.8	483.4	663.5	576.9	612.2	642.6	701.2	620	515	392.1	486.1	577.2	646.7	511.9	628.6	493.6	546.2	483.8	677.4	585.3	511	661.2	487.2	572.9	694	888.1	606.5	539.5	902	713.3	430.6	811.4	458	514.2	639.7	523.8	522.6	585.7	469.5	638.8	478.2	580	550.9	500.7
hurt	529.6	549.5	1834.8	892.2	516.9	619.4	522.7	742.7	678.3	482.5	554.6	728	653.5	553.3	470.3	962.2	592.5	547.1	535.3	522.8	619	550.9	652.5	848	1039.9	534.5	488	579.3	649.9	578.1	504	793.3	568.8	789.5	636.5	538.1	452.8	422.1	940.4	486.3	634.4	-999	1166	464	495.7	645	540.3	672.5	483.5	495.7	675.9	819.3	820.1	602.3	557.1	483.2	515	569	658.2	958.6	636.8
ice	688.7	680.8	818.3	749.6	895	673	558.5	764.1	681.3	578.8	683.7	811	668	650.8	565.8	518	517.9	721	544	587	556.5	628	661.5	870	706	739.4	716.5	637	674	591	659	622	545.9	705.2	1056.3	756	563.7	534	643	600	732.2	683	727	566.8	531	819	646	535.3	814	520.8	569.8	637.3	598	696	518.9	589.2	668	569.1	601	1109	726
job	531	1420.8	968.7	717.1	633	564.3	597	994	681.8	530.7	670	668.7	731.9	634.7	642.3	583	630.6	646.4	690.1	531	506.2	569	594	771	760	649.4	540	630.5	586.7	556.5	601.2	752.9	592.2	508.3	609	878.3	542.8	619	756	520.2	709	753.4	928	543	630.1	776.4	648	519.1	1281.9	582.7	557.9	597.1	575.4	647	564.1	535.2	623.9	555.5	697.6	616.6	881
join	533	615.3	-999	715.1	652.1	633	596.3	743	590.8	545.4	744	664.9	676.1	674.5	547.4	669.5	484.5	565	645.8	611.9	495.3	673.1	721.8	910	606.6	475.6	543.4	596.5	602.1	553.8	536.7	1508.4	571	678.9	645.5	655.9	613.6	599	712.7	605	638.8	760	1194.8	529.7	597.4	757.6	684.8	553.6	711.4	503.6	618	609.5	589.7	761.1	521.8	623.4	590.7	562.4	599	680	681
keep	505.5	947.8	788.8	695	601	576.2	492.1	693.7	601	519.9	593	598	622.9	583	779.6	511.5	492.9	562	644.3	634.6	516.7	547	517.2	721	535.3	594.8	677	538.6	680	622	502	723	504.9	829	603.6	566.3	610	516.2	800	550	771.8	786	724.2	538.7	522	683	630	663	623	567.2	629	1131.8	608.1	662	447.9	501.1	570.1	558.9	618.8	642	722.3
land	575.8	539	865.8	760.4	597.7	495	551	575.8	650.1	545.6	549.6	650.4	789.6	685.3	541.2	452.7	684	673.6	509.1	541.2	581.2	513.3	567.8	723	607.7	612	553.3	603	831.6	648	601	675.6	586.4	633.3	902.8	525.8	635.7	522.3	806	545.5	767.7	802.9	-999	567.6	521.8	615.8	562.9	600.9	830.6	559.4	671	592.6	701.5	785.4	530	655.4	594.5	547.9	829.7	772.4	610
large	519.9	687.6	-999	636.3	579	540	697.7	762.8	582	511	672.5	706.3	832.2	749.8	752.9	623.3	472.2	655.2	620.4	736	630	555	689.6	825	681.2	604.8	591.2	635.3	590.3	572.1	825	1215.7	652.3	644.5	547.4	635.8	594.5	572.9	757.6	554.6	709.1	897.6	963	556.3	599.3	765.9	635.9	539.4	601.5	534.9	513.7	521.3	626.3	675.3	558.7	556	667.6	560.5	593.4	649.4	606.3
lark	453.5	707.2	-999	666	812	748.9	585.1	681.1	677	541.4	533.8	641.3	1007.7	634.8	608.2	577.7	504.6	680	905.9	732	641.6	636	669.2	880	620.3	555.9	552.2	783.1	665	590.3	561.5	1480.8	588.9	1081.6	548.8	868.5	643.4	596.3	707.9	497.3	736.8	640	-999	643	572.8	764.4	748.3	564.1	724.1	543.4	723.9	815	691	813.7	669.1	854.3	670.2	615	626.1	660	845.5
last	594.4	640.1	940	642.6	681	634	555	568.6	616.3	572.1	660	569.7	750.3	630.3	546.7	530.6	625	538.1	732.7	696.2	633	597.2	645.5	932	546.8	646.1	593.4	561.4	606.9	566.3	521	611.9	641.6	607.8	674.3	680.9	575	501.2	654.2	485.7	682	766.4	-999	551.3	573.3	790.7	607.1	627	845	513.5	564	615.8	586.2	1047.1	642	528.9	728.7	571.6	638.4	650	588.7
laugh	557.6	761	1723	652	746.3	1334	580.1	919.7	575	542	616.8	668.2	813.8	592.1	525.9	612.7	523	639.5	664.3	-999	574.6	484	682.5	-999	728.8	555	656	616.5	687.3	648.5	543	673	555.4	893.6	598.1	666.9	615	552.2	766.2	660.9	837	1422	999.1	690.3	626	994	634	637.4	679	536	567	875.4	868	709	590	642.8	610	512.2	580.5	1059.9	894.6
learn	497.1	771.2	-999	683.1	707	674	740.3	875	585	538.5	669.3	531.7	879	688.4	680.7	461.1	750.5	592	584	628.4	616.7	619.2	644.6	779.9	724	564.6	680.3	970.5	690.1	637.1	626	680	508	760.4	525	615.8	836	567.3	660.7	530.7	744	652.9	1585.9	717	685	736.5	933	470	859	607.9	577.3	562.5	882	798.3	673	536.3	683.5	517.7	625.1	631.8	548.8
less	506	699.9	-999	610.6	582.6	613	688.5	673	535.3	609.8	692.4	827.1	778.7	594	539.5	583.1	552.5	602	681.8	749	589.4	527.5	624.2	758	505.2	590.7	730.5	667.5	553.5	588	555	775	563.9	569.5	611	604.6	659.1	592.9	744.7	604.6	633.2	673.7	1151	642.5	576	670.5	672	612.7	692	502.6	504.6	617.9	561.1	1105.3	759.3	501.3	580.3	525.6	511	675	760.9
long	471.3	714.4	-999	797.7	580	515.4	956.7	634	559.8	482	562.9	643.1	838.4	636.5	578.6	907.8	673.7	530.8	813.7	572.3	548.4	592.7	503.8	719	634.3	584	602	539.8	530.2	582.3	521	577	513.4	615.4	507.6	736.6	971.6	640	758	589.2	838	606.5	724	578.1	539	750.2	687.9	567.9	681.7	560.3	633.6	616	579.1	748.1	568	515.3	736	625.7	593	671.6	644.5
look	480.6	656.4	702.4	689.6	680.1	717.4	691	652	576	546.5	602.4	667.3	824.1	600.6	597	620	507.5	537	682.8	1146	528.4	658.9	632.5	691	731.4	617	553	629	632	634	497	612.8	523.1	555.4	603.8	667.1	514.1	548	696.4	619.4	727.3	653	733.3	600	661.7	724.2	757.5	535.8	1290.2	468	554	627.2	538.6	730.6	550	497.1	566	518.5	855	651	574
love	502.4	699.2	729.9	683.5	554	694.3	560.3	694.8	530	479.3	705.6	606.7	1003.6	525.2	557.4	463.1	463	640.7	684.1	506	577.8	685	582.8	1145.8	672.8	601.6	499	574.9	773	575	604	750.1	542.8	616.7	529.1	947.1	575.1	652	709	524.8	921.4	673.4	844	510.6	612.7	995	661.1	728.8	696	517	557.6	542.5	589.2	752.7	536.7	495.3	567	556	687.5	731.8	785
man	495	682	694.5	779	656.8	492	645.2	756	623.9	501.4	729	737.7	825.6	671.3	631.8	482.2	480	606.2	765.1	631.7	543.9	543.5	516.6	706.6	844	560.4	580	627.5	514.2	555	598.6	595.1	546.4	472.1	706.3	640.7	615	530.1	700.6	586.6	647.1	832.9	877	495.2	499.6	800.1	638.9	751.7	614.5	479.3	533.8	544.6	589.3	641	551	492.2	713.7	523.8	572.8	615.3	696.4
match	521.5	739.1	-999	734.9	605.7	557.1	694	811	577	519.2	686.7	513	909.1	642.1	656.8	610.2	734.2	590.7	527.3	608.9	576.5	512.5	556.6	714.5	685.7	610.4	510.2	546.2	614.3	547.1	554.1	1046.9	726.4	861.7	699	567.6	763.7	663	672.4	625	709.8	736.9	-999	946	611	865.7	621.4	598.3	926.2	538.5	512	652.8	669	679.6	556.5	489.5	637.2	565.3	1151.7	764.1	645.3
mend	512	752	1912.6	716.4	611.3	833.3	468.1	-999	532	497.8	806.2	614.5	819	678.6	570.9	684.1	620.3	658.8	564.3	581.1	598	496.7	696.4	767.8	790.9	786.1	605.9	573.6	793.3	613.8	636.5	1544.9	616.3	795	644.3	724.1	684	467.8	579	572	692.1	1065.4	-999	713	561	728.6	992.1	599.1	739.5	538.3	643.8	685.5	556.4	387.6	487	538	518	637	591.4	709.9	588.3
monk	1027.5	691.8	-999	637.3	715.1	616.5	538.8	651.8	630	601.9	701	677.3	817.8	741.7	638.1	626.4	603	756.4	671.2	574.8	631.2	577	-999	1014.2	1101	994.5	670.4	656.8	715	782.2	634.4	786.6	711.8	855	540.4	790.3	671.7	647	1086.2	576	898.7	838.5	1142.1	741	612	976.4	831	1458.8	797.7	633	707.9	659.8	513	826.1	608	696.4	541.4	617	637.2	-999	743.8
month	521.3	810.6	-999	646.9	663.7	1067.6	588.9	1124	719	836.8	626.4	-999	975.5	787.3	549.3	629.3	441.7	615.9	789.8	695.3	594	597	620	-999	751.5	837.9	612.1	0	-999	567.6	823.9	666.5	862.4	-999	505.9	1148.3	702.5	479.5	1232.3	618	662.9	-999	-999	1213	832	-999	650.6	766	719	628	542.8	891.9	794	975.7	624	745.5	645.7	631.2	591.7	628.7	734
mood	458.4	828	-999	763	-999	631	632.5	821	-999	492.4	679.9	730.1	-999	702.3	-999	652.6	502	663	728.9	-999	761.3	619	1435	741.8	-999	558.6	702.1	-999	-999	1154.6	749.4	-999	575.9	-999	690.2	1212.3	713.4	601.3	-999	677.3	-999	858.4	901.2	559	681	-999	653	657.5	809.7	420	519	625.1	738.2	758.6	549	458.9	683.3	668	706.8	624.3	559.2
mould	870.5	856.5	-999	-999	-999	-999	660	1165	1545.5	777.3	757.3	-999	-999	791.6	-999	843	-999	1546.1	703.8	1313	-999	681.6	948.3	-999	588.9	666.5	-999	607.3	-999	-999	1027.9	-999	1192.1	-999	574.9	1205.2	-999	750	924.9	-999	-999	-999	-999	1392	903	1402.1	737.7	988.5	1742.3	-999	629.6	-999	706.4	-999	825	595.8	-999	887	714.9	-999	941.1
move	550.8	879.3	-999	442	654.4	584.2	524	848	582	472.2	604.2	643.4	666.9	610	598.3	506.6	436	1326	549.2	578.4	546	464	560.6	751.7	525.8	587.5	546.6	606.8	690.9	683	594.8	-999	548.4	685	533.7	734.8	711.9	600	594.5	547	618.8	718.1	817.2	546.2	627	725.7	610	622	647.9	613	584	645.3	530.5	688	483	467	618.7	516.5	1160.5	819.3	596.4
noise	568.4	1087.6	-999	727	674.1	977.1	551	742.2	607	537.2	806.1	726	1034.6	954.2	539.4	562.1	538.4	592.8	823.9	697.5	-999	515.3	864	-999	512.3	606.5	581.4	514.8	609.9	-999	890.1	-999	560.5	686.4	679.9	617.9	665.3	589.2	809.3	768.5	610	824	1196	649	587.2	797.8	613.3	572.2	633.2	505.2	539.1	983.5	582.2	875	759	546.3	594	618.8	662	713.5	640.9
nor	881.8	1339.3	1525	-999	607.7	681.7	621.2	802.6	725.8	581.3	768	774	772.6	670	556	1117.9	1333.7	679.7	595.5	582.1	558.7	571.7	981.3	800	704	541	634	560.2	729.9	633.9	747.9	708.3	692.8	748.7	649.9	639.4	610.2	721	1014.9	625.1	842.1	865.4	1570	933	660	672.2	787.4	879	917.2	591.9	600.9	576.5	662.3	865.6	613.1	545.1	655.7	630.6	589.4	1189.2	934.7
now	619.5	594.8	-999	898.9	704	536.2	528.2	-999	598.1	453.7	681	584.1	698	627.6	497.2	545.4	538	559	638.6	713	590.3	665.4	587.2	821.8	592.3	536.6	718.8	705	603.2	589.8	853.3	623.9	491.6	749.4	951.1	637.4	827.5	574.4	822.5	640.9	676	717	868.2	805.7	545	683.5	690.2	606.5	694	598.8	637.2	495.4	568.9	636.2	622.1	548.3	597	560.8	1145.2	925.8	657.9
nurse	793	636.5	-999	939	731.4	621.2	683.4	1484.3	660	568.9	581.2	674.4	775.5	622.5	717.1	654.5	734.6	638	536.1	707.2	652.1	584.5	753.2	1173.3	766	542.7	617.1	729.7	598.9	572.3	563	1130	670.9	851.1	1375.7	651	689.9	598	885	609.7	687.7	-999	974	609.8	667	720.5	650	741.7	693	543	677.4	795.2	664.8	750.6	568	501.8	503	639	608	640.7	648.7
part	483	705.9	-999	710	762.3	562.1	450.5	716	958	520.6	676.8	677.8	651.2	730	539	518.1	502.7	547	655	614	512.7	493	538.3	838	1368.8	627.2	701.1	486.4	571.1	543	580	637	474.6	651.4	811	617.4	594	523	851	538.2	601.5	669	911	527	520.4	785	568	557	717	528	635	469.7	587	619.3	502	763.4	512.7	632	586	587.5	528
pink	463.2	874	842.9	558	647	751	518	728	508	496	691	644.8	720.9	611	652	681	461.4	563	900	561	666.3	654	549	659	634	568.1	708.5	557.1	579.5	519	473	879	487.6	571	548	643.8	1186.4	476	726.9	621	725	910	-999	931.1	557	804	584.1	659	694	556.2	588	672.6	668.8	666	527	586	840.1	502	639.2	672	602
pint	-999	743.9	-999	-999	-999	-999	-999	-999	-999	-999	913	-999	-999	1052	-999	-999	731	-999	790	-999	-999	703	-999	-999	-999	-999	-999	-999	-999	-999	-999	-999	-999	-999	-999	-999	-999	777.5	-999	-999	1011	-999	-999	-999	-999	1339	-999	635	-999	973.7	-999	-999	-999	-999	1015	-999	1022.9	-999	1033	1417	1240
plant	467	642	1062.8	720	639	689	532	726	737.8	507.5	636.7	651.3	661	754.4	520	613.5	544	646.4	697.8	958	474	667.7	559.5	1519.4	691.7	595.8	644.9	517.5	617.8	522.4	529	712	537	743.3	514.2	608.2	655.6	655	835.2	555	771.6	857	1346.1	557	605	1041	633	667	776.1	888.9	657	598.2	688	960	496.7	487.5	541	560	639	682	527
plus	504	673.4	-999	833	737.2	881	493.5	1019.8	652	505	741	742	857	-999	537	677	541	523	588.7	632.1	564.9	555	609	826.9	828	651.3	583.4	571.2	528.1	592	510	727	-999	796.5	466	599.8	534.1	503	708	504.3	690	-999	-999	609	545	691	556	545	847	498	568	512	630	799.8	499	469.6	537.1	580	537	651	820.6
posh	525	651.9	-999	-999	-999	1004.8	662.6	-999	525	649.3	795.1	961	898.9	656.5	610	586	534.1	979	629.8	-999	517.4	602	638	742.8	712	510.1	569	612.4	-999	570	938	-999	597	989.9	466.1	643.2	624	587	1035.9	719	831.4	1205	-999	909	768	722	836	585	712.3	775	654	1072	543	761	607	594.3	637.4	526	730	-999	576
pure	502	669.3	-999	782	643.4	948	767.2	810	554	547.2	622	717.5	-999	745	732.1	742	625	-999	709	754	-999	526	881	-999	564	573	714.1	645.3	687	680	-999	-999	830	638	534.1	703.9	647	723	983.1	573.2	618.3	634	-999	-999	735	-999	815	552.3	546	996	620	917.8	609.1	825	894	514.3	661.5	650	603	586	742
put	448.1	939	1106.7	686	939	542	574.9	652	580	518.1	766	655	675	714	650	760	490.7	529	631	1018	565	489	602.7	842	514	575.4	637	571.2	565.8	649	585	599	673	605.8	868	523.5	621.9	526	911	580.5	862.8	671	942	545	528.4	736	944	536	568	555.7	782	593.9	732.6	700.3	535	470.3	595.5	548	630	646	823.8
range	619	745.1	-999	879.1	799	607	567	858.9	829	553	693.1	724.9	1059.7	746.6	954.5	631	726.7	570.5	626	834	592.5	575.8	574.6	900	660	589.3	601.3	568.9	725	690.3	591.5	-999	525.3	590.8	636.9	912.1	621.5	661	645	637.4	669.9	847.7	-999	935	637	766	929	626	791.8	538	1289	-999	725	662.8	510.6	481.1	615	531.6	706.3	623	588.7
rash	581	899.7	1710	819.6	791	583.8	562.9	697	606	522.9	718	737.4	826.8	687	725.7	512	598.6	648	681	761	627.9	508	635.9	814	555.1	624.9	822.6	804.7	631	576.4	670	1507	697.7	621	705.2	648.6	647.6	618	961.5	620.1	786.9	699	-999	681	632	713	705.9	664.9	685.9	775.8	689.8	729.6	665	901	534	568.4	734.4	568.7	628	691	881
reach	654	823.1	-999	671.3	656.7	934	550	754.4	726	499.8	674.8	761	839.6	656.9	663.2	639.2	426.3	652.5	659.8	590.3	664.7	442.5	686.8	1458	633.2	475.5	637.5	1780.8	671.8	600	629	782.6	528.3	740.5	677	817.1	737.8	526	714.1	576.9	659	870	-999	629	650	669	601.3	547	742.8	483	568.7	-999	716	769.6	558	531.7	767.4	636.1	594.8	688.8	751.5
real	539	1006.7	-999	741.2	671.2	825	511	634	560	596	569.4	635.8	746	694.3	546.1	571	419.1	672.6	850	822	602.7	600	694.2	732.3	602	545.9	572	914.2	610.6	639	551.9	1794	545.9	739.8	504.4	569.1	628.8	611.3	850.9	548.1	636.2	698	1710	557	535.7	759	642	611.4	724.1	549.8	888.8	614.4	621	734.3	624.2	558.5	646.4	595.5	669.9	816.5	613
rear	757.6	862.9	-999	766.2	1040.6	872	880	938.4	588.6	593.6	679.9	870.3	1094.3	806.9	877.1	634.1	504.7	1183.5	700	1051.8	533.4	583.6	650.9	777	1037	589.7	541.1	657.5	746	668.6	713	-999	579.6	747.4	831.8	1062	933.4	699.1	863.7	783.2	927.5	811.3	-999	1164	1101	1103.3	864	656	854	-999	801.8	-999	791	1348.8	638.1	661.2	970.2	824	899.4	973.1	712.8
rent	492	1004.8	-999	670.2	689.6	702.5	631	843.2	547.1	659.4	663.6	677.3	790	733	637.5	498.3	398	734	604.3	707.8	634.3	523	586.5	723	613.7	613.4	653.3	610.3	689.6	1058	561.5	1815	579.1	715.1	570.3	664.6	708.3	501.2	980.1	643.4	745.6	662	-999	573.6	594	744.5	631.1	523	675	533.9	555.7	721.1	699	919.4	675	483.8	696.3	541.6	660.1	612.9	651
rinse	540	1081	-999	876.5	739.7	1329.2	743.8	1571	687.6	588	791.6	841	1242.8	910.6	862.3	666.7	883	-999	714.9	1376.3	-999	723.2	637.3	861	849.5	624.7	683.7	630.5	724.3	-999	713	-999	547.9	-999	540.3	1009.8	833.5	569	1177	642.2	872.3	912	-999	-999	-999	-999	663	733	674.5	573	619	1023.1	703.2	-999	586.4	553	644	551.2	712	720	1015.9
roast	622	793.4	-999	710.6	836	744.1	641	755	555.7	619.3	740	656.6	995.8	640.6	663.4	493.6	503.2	589.9	591.9	634.1	610	740.8	791	883.5	653.3	647	819	599.8	786.9	653	525	1680.1	668.6	738	522.5	550.6	632	588	646.5	607	701.4	1290	-999	936	629.2	941	845	613.2	579.6	700	634.9	730	642.8	995.6	854.6	654.7	591.1	606.2	692.4	650.6	662.8
saw	399.8	646.6	1362.3	746.8	508	686	459.4	658.1	688.1	440	656.6	633.4	681.4	1057.3	466.1	485	495.9	-999	603.4	620	517.7	526.2	508.7	647	692.8	435.6	474.9	524.2	639.2	494	408.3	690.4	447.1	577.6	501.3	671.3	426.6	574	601.9	551.3	756.2	665	946.2	500	488.1	711.2	534.2	450	846.4	535	755	540.2	582.3	708.7	473.9	515.8	645	502.9	626.9	909.1	433.7
scarce	696.2	-999	-999	-999	767.1	-999	726.9	-999	-999	550	597.8	-999	1024.3	-999	-999	586.8	549.7	780.4	484.7	695.3	-999	467	-999	1309	-999	505.2	-999	754.3	-999	653.5	482	-999	515.5	-999	-999	-999	812.6	-999	-999	612.3	-999	-999	-999	-999	606.4	901.1	516	592.7	721.9	550.1	-999	779.7	943.8	990.5	612.9	833	726.6	-999	620.6	689.7	-999
scold	654.4	775.6	-999	703	878.4	1305.2	-999	-999	805.5	520.8	-999	-999	967.8	690	668.3	594.9	756.5	575.8	828.6	-999	548.2	484	-999	-999	693.1	544.2	788.3	824.9	790.2	572.4	547.8	-999	859.4	880.5	555.9	900.9	-999	564.8	983.6	-999	-999	1566.1	-999	-999	675.7	-999	648.3	466.9	-999	540.2	587.7	707.6	-999	-999	672	453.3	612.4	571.1	-999	-999	632.6
sense	521.1	606	-999	717.5	546.1	798	622.9	926.4	544.8	565.8	564.2	638	929.8	670.1	694	569.4	512.2	1034	568.2	471.1	454.1	499.8	586.1	-999	560.7	474.6	593.7	595.1	596.8	658.6	523.3	-999	563.4	717.1	497.4	865.1	679.6	531.4	927.9	568.5	672.3	533	-999	754.1	551.5	703.8	515	519.5	580.8	577.4	530.2	643	525.4	936.9	495.3	505.3	627.6	477.3	631.8	581.6	630
shall	454.3	767.5	-999	658.1	854.4	534	510.8	749.8	550	504	558.8	912.7	766.7	680.8	616.2	574.1	570.1	497.7	577.7	506.8	515.5	775.6	604.5	841.8	652	479.1	604.4	479.4	514	463.5	523.1	733.5	788.1	670.8	456.1	645.5	671	633.3	944.6	505.4	773.4	724.6	891.4	511	500.4	663.3	756.5	521	534.2	524.6	429.6	518	607.1	845.7	536.8	482.5	511.6	486.2	525	621.8	610.3
share	384	576.6	932.6	587.4	563.5	724	678	916.8	399	497.5	484.3	619.9	712.5	572.7	469.5	436.1	453.4	573.3	453.1	861.2	524.4	613.9	510.7	829.9	668.4	440.5	531	494.3	578.7	576	491	643	461.4	618.1	729.1	627.3	597.5	762	702.3	488.2	699.1	625.1	1140	495	506.2	924.6	792.6	511.7	715.2	485.4	512.2	557.3	565.4	584.2	538.3	523.9	644.6	510.4	544.2	580.1	447.7
she	409	653.1	1110.7	674.7	551.9	556.4	478.6	676.6	537.5	482	585.8	617	792.7	714.7	613.5	534.7	575.5	564.7	584.9	580	547.6	406	646	750	600	535	519.6	562	512.5	585.5	594.4	591.5	626.3	639.3	498.2	663.7	669.7	466.6	652.1	567.3	822.2	677.1	925.1	674.8	467.4	698.5	686.8	623.1	799	523	522	536	564.1	668	672	486.3	636.7	546.6	633.1	1063	548.7
short	445	643.1	-999	750.6	547.4	574.4	575.9	632.1	483	494.2	626	690	668.2	-999	519.2	488.2	477.9	565.8	455.3	709	542.8	506.1	716.6	936	712	469.6	604	769.9	617.3	498	541.7	729.6	742.6	655	479.5	566.4	623.6	422.4	795	556.3	757.9	880.3	1333.6	646	572.1	681.7	689.8	535.1	634.2	461	539.5	559	632.2	714	523.9	673.7	564.4	516.1	912	711.8	490.6
shout	504	638.4	-999	740.8	758.3	1194.3	418.1	1203.6	606.5	523.9	644.6	630	844	648.6	610.9	510.9	438.4	564.3	560.7	670.3	528.6	534.9	535.9	1013	813	500.6	477	549.8	738.7	557.8	565.3	739.4	452.3	637.1	879.1	653	522.1	486.9	-999	533.4	819.5	1423.8	1127.5	737.1	688	762.4	537.2	527.3	495	490.6	876.6	704.9	553	733.3	484.4	535.8	578.4	475.5	560.9	722	637.5
show	462.4	806	-999	961	650.8	562	427	563	791	504	620	526.4	873.6	741	600.1	614.5	462	574	678.7	589.8	1122.2	439	599.9	828	800.9	417.4	601.3	493.2	491.6	498.5	439.6	668	421.7	811.7	684.7	821.7	573.3	461.2	1096	630.6	598.3	645.9	833.3	513	556.8	657.5	677.9	580	734.5	452.2	538.8	526.7	524.3	678.4	617.9	652.6	576.9	464.3	1008.1	552	707
skate	442.5	637.1	-999	624.4	727.3	-999	593.4	-999	686.6	486.9	724.2	566.1	783.3	860.4	1143.5	582.6	481.2	671.6	492.9	602	563.8	484.5	653.7	785	524.9	478	464.6	553.4	523.9	581.4	464.8	-999	591.2	855.6	522.1	1005.1	798	550.7	789.2	622.7	721.5	622.2	-999	911	672	880	854	657.5	649.7	474.1	543.5	568	519.2	957.2	649.3	512.1	667.2	535.2	665.4	634.7	757.5
skill	431	1046.2	1520.1	593.6	475.4	528.6	605.4	712	543.2	446.6	474.7	537.9	655.9	548.2	445.9	536	1170.9	671.9	685.8	611	492.6	690.9	565.8	747.9	711.9	553.1	497	537.8	500.8	599.2	443.3	645.3	488.5	531	476.6	585	575.6	519.3	595.4	482.1	690.6	948.8	-999	507	486.5	645.1	1029.8	612.5	584.6	393.1	467.3	485.1	485.8	633.2	494.8	608.9	516.6	452.2	752.6	568.7	585.8
staff	442.4	785.6	-999	726.3	662.9	509	349	712.3	560.1	447	464.3	658.1	596.5	573	561.4	530.9	824	687.1	778.3	725.9	528.4	467.6	571.4	637.7	916.3	486	650	587.2	538	561.1	495.2	720.3	527.6	536.3	468	663	486.9	558.7	632.6	473.1	585.1	531.3	-999	507	510.9	700.8	752.7	544.2	619.3	449	592.6	497.4	545.5	592.8	538.1	507.1	612.1	535.1	768.2	560.3	609.4
stay	415.2	685.9	1724.7	703.8	695.8	835	463.8	544.5	552.8	512	481.2	867.1	840.8	732.9	449.5	595.4	564.7	616.7	781.4	500.5	490	483.1	802.4	1025	718.4	576.3	498.3	392.5	715.8	554.3	473	1488.1	524.9	754.2	478	668.4	546.8	431.4	724	524.3	651	572.1	943.9	526	533	614.7	603.4	509.5	621.2	518.7	494.2	546.4	655.3	622.3	525.5	513.2	544.3	391.7	558.9	586.4	508.1
stood	437.3	692.7	-999	623.3	666	590.9	546.7	622.4	627.7	553.1	532.3	688.9	737.6	570.7	432.8	523.9	641.1	541.9	476.2	492.1	490.3	460.2	653.1	701	599	479.2	393.9	685.8	545.9	558.3	462	1430.9	504.8	775.3	754.8	746	533.7	492.1	694.1	479.5	758.1	612.7	1425.1	585	586.5	570.6	623.6	593.4	631.1	589.2	537.5	582.7	460.2	754.5	844	514.4	515.8	394.9	546.4	653.2	847.5
stop	427.1	547.7	674.1	679	678.5	588.2	434.9	706.4	530	489.2	593.7	573.5	539.5	558.2	566.3	434.7	486.4	510.3	564.7	517	484.4	464.2	552.7	632.5	489	489.9	394	473	911.4	480	414.8	581	475	569.4	526.7	727.9	457.2	606.9	567.3	438.4	587.7	777.5	661.6	523	493.8	673.2	695.8	562.1	484.3	521.8	550	557.1	587.8	577.4	580	494.7	495.4	424.8	464.2	558.4	566.8
store	429.1	591.1	-999	565.6	572.1	544.1	498.4	641.5	517	481.8	484.4	654	560.8	550.8	884.5	528.6	451.6	585.4	491.5	457	499.2	464.3	574.6	619	496.3	496.3	579	507.3	566.4	490.9	448.6	688.6	472.6	497.2	612.8	642	547.4	465	892.4	427.7	526.4	571.7	1439	534.9	533.5	862.7	822	453.7	629	484.5	578.8	497.8	430.9	945.4	639.4	508.9	509.3	434.6	499	647.5	519.9
stuff	455.3	590.6	-999	653.5	606.8	683.3	589.8	713	531.1	499.1	616.8	704.1	602.8	630.8	457.2	446	429.4	532.6	433	533.4	482.9	415	618.9	994.2	746.1	490.9	609.4	613.8	550.2	518.2	458.6	-999	586.1	455.5	604.9	855.9	632.4	468	632.9	433.7	621.8	751.5	852.8	574	549.3	597.4	478.7	555.6	538	465	468.7	880.7	642.7	953.3	506	527.9	619.9	546	564	786.8	628.7
swan	445.4	762.5	-999	836.6	495.3	1228.2	645.9	746.8	585.3	443	641.1	716.8	761	596.6	650.7	521.8	474	557.6	504.4	560	530.2	505.3	533.9	788	597.9	501.4	570.6	536	571.4	1076.8	555.5	1536	470.2	629.3	546	709.8	476.1	573.6	733.4	477.4	640	951.3	1117.7	662.6	530.9	648.1	587.3	468.4	851.5	537.3	467	-999	663	842.5	622.1	592.7	726	652	487.6	699.6	480
sweat	552.7	641.2	-999	-999	-999	-999	440.5	-999	697.2	-999	776.2	-999	-999	-999	-999	564.5	644.6	-999	411.5	-999	-999	465.2	633	-999	-999	491.9	643.8	931	-999	-999	527	-999	-999	-999	551.1	-999	500.2	465.5	-999	-999	-999	-999	-999	-999	-999	-999	564	750	522.2	-999	557.1	662.4	592	-999	442	-999	-999	470.9	-999	1015.5	577.7
swell	510	659.7	-999	-999	640.5	548.8	-999	1192.7	605.2	459.4	659.1	754.3	724.2	522.3	526.2	708.9	458.5	614.6	522.2	766	594.9	426.5	546.6	1051	673	471.3	481.2	522.9	672	513	520	1582	469.7	898.2	581.3	657.6	587.9	545.8	958	662.6	815.3	1033.7	1371	712.4	518.8	671.7	545.5	540.3	614.5	595.8	530.8	411	680	1350.7	504.5	556.7	579.6	521.5	534.1	533.4	621.5
swim	435.1	774.8	1913.3	614.4	575.6	510.3	510.2	616.2	446.7	441	513	591.7	792.7	607	472.1	496.7	831.2	504.6	408.2	625	525.4	488.5	642.4	645	458	465.1	555	455.7	621.3	562.1	453	614.4	535.7	585.1	497.4	544.1	518.4	472.1	1017.9	451.2	631.9	618.8	1629.3	556.7	564.7	641.9	581	598.6	531.7	692.9	440.2	530.7	495.3	704.1	453.8	486.3	579.6	466.6	603.7	781.7	550.4
taste	526.3	651.7	-999	751	598	691	602.9	904	685	493.1	694	676.9	651.9	658	513.5	558	562.2	533.3	680.7	578.6	548.5	860	1307.9	888	1102.5	622.7	552.4	716.3	589.5	967.4	639.6	900.2	472.4	923.6	521	852.3	650.7	501	770	631	706.2	768.6	886	548	693	757.6	662	625.9	866.9	524	600	671.3	633	733.6	676.6	532.1	562	635.6	647	811	521
test	496	824.4	866.8	704	710	589	511.9	609	606	572.3	692	585	846.1	772.7	567.3	522.8	549.3	643	893.9	823.6	565.1	716	612.8	787.8	626.4	535.4	656	711.3	614.7	583.5	521	731.3	551.7	603.1	732	725	575	876	933	623.3	762.9	793	772.8	572.5	580.5	681	655	500	700	457.5	635	583	628	843	549	516.2	588	615	560	658	776.2
thaw	924.2	945.4	-999	854.2	1007	915.5	542.3	735.1	1175	653	935	982	993	888.7	658.4	487	667	724.4	765.4	800	708.5	613	666.3	-999	1538.4	571.7	752.7	922.4	780.4	693	988.6	-999	1121.7	-999	516.8	787.9	906.2	593	-999	941	934.1	-999	-999	997	629.8	1427	648	602	1063.6	774.7	758	-999	-999	1195.3	1445.1	741	741.2	637.8	983	869	788
thump	737	703.4	-999	936.2	796	945.4	619	689	570.6	633.3	709	764.6	792.9	728.3	1102	630	670	666.8	1028.9	705.7	848.9	638	762	-999	893.3	485.1	832	653.6	834	662.2	1022.6	832.9	580	1180	566	849.9	674.9	494	1277.1	672	1183.4	2050.2	-999	763.7	593.6	880	762	546	599.8	712	754	805.8	568	812.4	780	639.7	630.8	685.3	904	851	679
train	472	601.6	1043.2	798	812.8	652.9	538.8	646.1	542.1	526.9	738.4	729.1	790.6	653.6	485.8	436	475.4	660.8	534.7	697.4	497.8	661	645.2	1003	1161	557.8	637	676.3	593.7	533.3	570	1798	534.1	709.4	667.8	640.2	743.8	531	736.2	528.2	740.5	751.7	1749.6	757.8	601.5	626.9	590	509.6	575.6	706.4	590.1	623.3	649.4	601.9	528.5	589.1	627.7	570.6	810	677	539.1
truth	705	733.8	-999	680.7	788.3	878	605.7	700	524	595.6	667.5	734.1	778.6	766.7	525.1	567	653.8	599.5	707.1	668	570.3	510.6	628.5	965	761.6	594.6	618	708.4	537.8	577.4	625.7	-999	571.9	687.7	718	628.1	737.1	662	788.3	612.5	861.4	1268.1	-999	674.1	654.8	752.2	994	772	736.3	504	1351	1094	600.1	863.8	658	512.9	600.4	700.1	600	1130	761
want	588	670	-999	785.1	570.6	504.9	619.2	776	594	500	1016	717.3	867	656.8	647.1	641	497	558.2	750.1	725.1	576	623.1	688.5	741	629.9	497.4	584	658	632	483.6	556	1614	633.1	723.4	-999	557.6	617.1	596.8	670.3	596	838.5	847	886.4	648	510.4	775.1	741	510.2	728	509.2	558	925.6	632.6	783.9	558	620.6	709.3	587	587.2	633.5	629.6
wasp	591	845.5	-999	819	757	700	580	-999	504.9	1017.2	866.9	701	980.4	749.5	648.3	620	540	620	945.3	575	597.7	616.9	524.6	1160	781.8	639.5	653	556.9	848	649	585.7	-999	527.2	999.6	520.8	729.3	568.1	576.4	1834	541.5	1004.2	885.4	-999	850.8	638	843.4	765	1280.8	704	486	607.7	662.9	551	833.7	550	525.4	596	626.2	614.6	772.8	786.5
wealth	503.8	709	-999	848.2	658	590	554.3	-999	775	755.7	838.4	643.2	1008	686.7	764.2	675	491.4	897	719.1	-999	602.1	543.9	716.8	846	745.9	839	785	581.5	714	630.2	628.5	-999	522.7	711.5	800.1	766.7	638	551	1169.5	581.8	770.6	708.7	-999	961	732	1099	1138	790	789.5	784.8	678.7	622.1	585	914	559	577.7	615.1	701	662.7	763.2	627.8
weave	581	894	-999	-999	736.9	636	639.1	-999	1480	590.1	703.5	758.6	1409.5	630.4	687.3	614.1	531.9	988	594.5	667.7	-999	624	763.4	-999	-999	764	733.8	658.7	987	649.1	658.4	-999	597.2	789.2	778	920.6	-999	729	792	658.1	914.1	-999	-999	1283.9	754	968	866	-999	734	578.5	562	-999	668	-999	-999	559	661.1	574.4	909	1079.7	986
went	541	600.2	-999	716.2	550	521.1	642	865.5	665	548.9	652.2	634.8	728	622.1	572.2	511	526.2	660.8	679.5	849	679	530.8	527.8	755	706.9	586	573	497.7	666	543.6	563	625	479	574.3	1576.2	642.3	571	438.1	721.3	516.6	867.4	743	893	948	532.6	650.9	577	636	586.1	570	610.4	640.7	705	724	556	549.3	633.7	532	609.4	855	726.9
whisk	537	802.5	-999	687	763.7	727	503	1101	727.6	502	778.5	750.3	1241.5	636.2	567.9	813.3	707.4	604	872	797	638.1	488.3	662	-999	630.6	555.9	630.7	585.6	959.8	579.6	990	-999	681.3	889	572	876.3	592	516	955.5	646.9	779.7	1353.4	-999	944.2	784.2	841.7	713	644	570	855.8	512.3	816.4	830	902	665	573.2	847.5	537.6	605	789	-999
wide	508.7	1389.4	-999	648.2	684.6	736	727.4	744	685	563.3	654.8	720.8	862.3	602.5	682.5	714	484	632	839.4	1035.6	543	485.5	650.4	709	626.5	628.2	565	591.3	613.8	615	815	1429	629.9	641.3	930.4	1012.1	536	504	805.5	640.4	770	688.9	-999	652.9	546	822.8	518	588	778	1056.6	1042.1	616.7	715	897	693.7	558.1	581.7	623	695.3	646.4	889
width	693	1131	-999	1158	811.6	-999	1072.3	1565	-999	798	828.2	958	1011.5	1735.8	719.4	791.2	668	-999	717.9	-999	669	591.4	914.8	-999	-999	892.8	813.2	932.1	-999	841	-999	-999	1528	-999	630.3	-999	1539.4	672.7	858.8	744.6	1410	-999	-999	943.5	967	1615.9	881	888	1278	665.4	935	2019.9	868	1814.8	852	779.4	898	919.8	940.6	951.4	702.1
wife	591	882.6	-999	882	623	566	632.9	705	770	604.4	644.3	704.5	918.8	662	617.9	475.2	528	549.7	591.2	701	573	653.4	773.8	738	761.2	620	659.6	651.9	1062	624.9	568	782.1	598.9	608.1	473	687.6	640	507	748	562.9	727.6	663	1185.1	584.4	688	667	1092	664.6	705.5	525	536.8	561.6	586	683.1	583	492.9	592	544.7	714	613.5	683.4
will	485	814.3	824.5	862	669	802	510	691	549	544	529.9	734.3	781.7	2617.7	753.8	587.8	571.5	602.4	721	613.7	598.4	596	647.8	767	616	684.9	638	668	615.3	617	797	554.6	611.9	721	657.5	780.1	598	528.5	732	632.5	645	808	743	622	824.5	683.5	1375	495	695.7	479.7	606.6	787.7	723	736.7	705	511.3	682.1	532.5	524.1	554.1	659.5
with	578.5	781	912.4	1085.8	537.2	647.9	591.6	695	481	505	690	790	869.2	681	589.5	708.1	1137.3	682	729	691	699.2	641	624.3	650	660.3	624.9	795.2	770.7	704	641	592	595	560.2	567.8	549	693.4	489	469	712.9	560.3	704.1	671.7	680	764.9	547	852.2	588	552	653	381.8	551	594.8	550	768	629	563.4	692.5	644.5	682.7	660	857
wolf	538	827.4	928	759	749.3	737	575.7	613.8	641	538	768.9	738	640	610.8	595.3	556.3	746	531	778	566	559	607	667.3	760	568.5	598.3	588.6	543.7	852.4	540	683	-999	544.4	558.1	603.3	830.4	618	509	864.3	606.6	747.2	875	1480	551	621	753.2	651	693.2	801	561.7	623.4	697.7	704.2	802.6	661	469.1	982.6	566	642.1	809	778.2
worm	602.1	708.8	937.1	663.3	-999	822.2	-999	-999	651	532	643.1	888.5	952.7	725.2	518.2	693.1	513	490	636.5	669	670.4	633	589	-999	581.8	626.5	1020.5	710.3	814	565	626	-999	656.8	728.5	528.9	777.5	535	553	804	572.3	-999	1065	-999	640.6	-999	802	744.1	541.2	640.3	476	598.7	1387.8	568	-999	494.7	545.5	677.7	547.6	714.1	736	640
worse	493	1075	-999	894.5	798.2	658	604	920	568	592	709.7	805	857.9	841	677.4	703.1	521	519.7	728.2	687.3	761.7	515	638.5	-999	781.6	532.5	642.8	820	796.3	634	656	1606.1	564.8	647.8	864.4	979.9	556	528	783.4	606	698.4	693	-999	916.7	565	808.1	938	641	679.2	718	564	753.8	628	821.8	589	520.7	840.5	898.9	604.4	626	651
yawn	498.8	724.4	-999	772	769.1	657.9	648.4	-999	597	559.5	548.8	-999	795.8	759.9	677.8	448.9	482.6	635	650.1	581.4	655	644.9	725.3	831.1	740	705.5	779	618	759.9	629.9	493.5	-999	585.4	1001.1	524.2	691.4	599.5	525.7	926.2	542.3	733.9	947.2	1563	746	-999	-999	577.4	521.2	770.3	563.9	630	880.2	555.9	772.7	638	773.4	618	608.1	637.7	788.2	641
yet	514.4	771.3	826.1	774.5	816.8	675	481	646.7	516.8	553	738	755.4	829.1	635.9	640.1	595.1	619.1	626.2	668.2	614.1	630	658.6	673.1	679	695.3	780.4	714	539.2	642.9	594.5	634	702	482.1	997.7	519.6	623.1	544.1	472.6	938.4	605	722.2	751.1	841.3	839.2	575.4	703.2	834	570.3	1042.3	550	594.8	631.6	634.4	716.8	501	486.6	613.7	551.2	573.3	709.6	598.6
